3.17
6.1
5.18
2.13
4.57
0.8
0.19
-0.7
4.82
7.11
3.61
-0.59
10.
4.25
4.37
9.57
-2.36
4.55
7.11
5.53
4.32
1.66
4.7
9.04
4.94
6.43
10.83
8.53
-0.54
3.5
1.28
5.44
4.17
4.52
2.39
7.14
5.8
4.11
5.88
1.85
5.34
4.66
1.99
6.25
3.73
-0.2
5.43
3.07
9.21
6.25
7.54
3.62
5.94
7.13
5.15
5.17
6.38
3.28
6.79
9.48
6.02
10.09
6.39
3.17
5.2
3.94
9.42
4.62
8.12
5.4
6.86
4.76
4.78
3.19
2.99
7.03
2.43
6.1
0.58
0.24
3.73
4.05
4.85
9.45
3.5
0.99
13.37
2.78
1.75
-1.45
8.51
6.84
6.36
3.38
1.47
5.08
4.45
3.24
4.
3.07
9.06
6.69
9.77
5.44
5.91
0.12
4.85
5.56
6.28
3.14
2.19
10.56
4.94
5.43
3.77
2.29
5.51
9.06
-0.32
5.84
0.57
4.12
10.81
5.33
8.2
10.49
1.02
1.97
4.12
-0.3
6.96
5.38
0.25
3.26
3.06
5.87
3.92
5.05
8.28
3.11
4.28
8.79
6.53
3.65
1.21
6.24
8.09
3.52
3.16
2.6
4.77
5.39
5.93
4.59
4.93
3.
8.19
1.4
4.19
5.43
9.15
1.04
4.26
3.47
5.76
6.46
10.65
2.64
9.44
7.61
0.83
1.78
4.13
9.37
7.43
1.5
6.64
2.08
7.56
11.72
6.67
4.87
1.05
3.02
9.46
3.35
5.66
6.39
10.6
2.31
8.67
-1.22
6.93
2.07
3.38
3.84
3.34
8.42
8.33
5.71
10.15
6.56
6.58
2.6
11.71
6.13
3.8
3.48
1.87
0.89
4.49
4.54
5.07
3.29
2.48
11.39
4.78
7.56
1.63
3.09
5.14
7.15
6.51
7.01
4.84
3.98
4.16
3.7
5.37
0.97
2.02
5.99
4.07
2.84
3.66
4.85
3.72
5.21
5.08
4.43
6.18
6.14
1.2
3.67
3.85
4.24
6.64
8.35
2.34
5.05
9.62
6.82
8.87
9.65
2.27
0.95
8.36
7.87
7.49
6.67
4.82
6.58
2.98
11.61
4.94
6.26
3.56
1.62
1.48
4.03
3.52
5.89
-1.77
6.91
7.47
5.1
5.9
5.03
5.51
5.5
2.13
-1.11
6.38
1.61
3.35
8.42
-0.11
10.99
3.
3.74
2.72
8.58
8.
0.65
8.84
9.83
2.21
5.12
9.47
6.56
4.43
4.98
10.12
3.66
6.98
8.78
8.11
4.87
1.88
5.23
5.22
7.47
-4.78
0.1
4.75
4.97
1.19
3.18
2.61
4.3
6.33
6.
5.61
6.38
4.4
2.24
5.63
4.55
3.88
10.7
7.16
7.16
9.12
3.86
8.1
6.44
4.06
3.73
3.4
4.38
7.72
3.88
6.4
4.18
6.18
8.45
4.11
8.04
8.98
6.91
4.81
6.46
4.77
3.61
2.73
7.48
2.89
10.32
7.59
9.
9.69
7.34
4.59
7.38
-2.15
5.98
9.22
8.42
3.62
5.7
-0.02
4.73
3.69
5.15
3.35
3.33
6.31
4.95
8.64
6.57
5.1
6.65
1.9
4.96
9.51
3.49
4.86
11.62
9.52
6.52
10.27
3.18
5.86
4.02
6.16
8.7
7.97
2.11
3.61
1.6
1.87
4.13
2.69
11.61
1.56
3.67
3.89
2.58
5.23
5.31
7.48
4.48
-2.24
2.18
6.93
1.68
0.64
5.44
4.37
6.46
11.75
9.02
7.07
8.02
3.54
4.01
3.17
6.77
7.68
0.03
2.85
4.4
1.69
0.46
2.33
5.22
7.16
0.47
4.97
3.04
4.29
10.16
2.39
3.73
9.74
4.75
2.03
7.03
2.96
1.35
-1.94
6.64
8.63
3.53
3.01
2.
1.59
2.84
6.24
4.02
2.6
6.89
8.52
0.62
7.98
1.22
2.53
4.27
5.86
2.62
5.33
9.32
1.5
9.94
4.43
3.51
3.7
5.53
4.
-2.18
1.78
5.54
2.99
5.91
6.89
8.25
3.75
2.24
8.89
4.45
5.21
5.54
2.97
3.8
4.43
1.56
2.65
3.87
5.54
8.31
3.58
0.75
9.06
5.18
3.66
6.45
11.22
5.4
1.33
2.03
3.04
1.04
8.24
13.21
10.96
4.81
0.89
6.67
-0.03
3.09
5.65
5.87
0.11
3.12
3.54
3.33
3.06
10.56
6.01
9.51
2.88
3.97
0.2
4.78
5.72
1.91
-0.36
7.27
6.5
7.72
-0.93
9.46
6.45
3.33
3.12
2.37
3.8
5.56
7.66
6.04
11.65
4.97
-4.25
4.32
-0.62
11.48
6.39
2.86
6.05
8.34
9.27
6.84
8.75
4.43
0.72
1.81
9.49
0.77
4.22
6.97
6.23
8.41
7.76
7.53
11.23
3.73
3.09
8.97
3.32
-1.3
12.46
0.67
9.09
3.29
5.3
-0.81
4.97
7.56
4.77
5.22
9.34
4.12
8.37
6.25
5.48
3.8
7.43
6.48
1.26
10.54
7.15
8.17
5.91
6.5
4.37
7.28
4.31
1.
5.45
6.83
5.66
8.
4.36
3.64
3.2
6.52
6.82
10.8
4.04
4.47
-2.02
2.08
3.45
0.2
7.64
8.74
4.09
9.57
-0.69
10.7
9.83
5.07
-0.56
3.52
6.7
5.46
5.45
9.4
5.16
5.32
3.87
6.79
3.36
5.45
7.2
9.59
4.69
6.33
-2.2
5.84
1.48
5.55
5.15
5.
7.83
12.95
5.99
6.02
4.85
12.1
5.51
6.09
5.81
3.9
7.07
2.39
9.76
3.27
9.5
7.51
2.95
7.94
7.3
3.5
3.58
5.37
5.21
2.23
4.7
7.06
4.41
10.34
6.53
5.21
5.83
0.18
4.11
3.85
5.55
5.03
7.72
8.59
3.93
9.67
5.23
4.45
10.98
5.32
-0.58
8.34
3.61
6.64
3.59
4.89
3.83
0.85
7.45
4.07
8.69
-2.
4.66
1.93
5.59
-0.62
5.48
6.91
6.05
4.58
2.94
6.68
0.27
4.29
8.26
6.55
9.31
8.98
4.67
6.15
5.6
7.25
5.08
6.15
4.24
4.34
5.58
5.24
7.35
5.69
5.57
1.94
4.92
3.94
8.92
3.76
3.51
7.47
0.17
7.84
2.06
6.
3.17
1.09
6.91
7.02
8.97
5.15
6.7
2.76
4.17
3.28
6.8
5.87
2.3
2.13
4.32
4.88
5.
3.62
1.52
6.09
7.53
8.64
3.9
2.38
6.56
6.58
2.63
3.21
4.81
6.32
5.87
2.37
2.78
5.41
3.23
9.23
-0.33
9.03
8.66
5.91
6.73
13.61
7.77
2.31
3.85
-1.66
6.6
3.14
3.7
1.79
4.57
2.27
4.11
2.52
0.65
4.57
6.66
3.94
5.13
5.52
9.14
4.56
-0.76
10.
7.7
3.86
4.93
9.23
-0.75
0.79
0.64
3.82
3.5
4.2
5.76
2.95
3.78
6.32
10.62
7.08
3.29
1.02
6.21
8.59
-3.38
-0.31
0.24
8.28
9.37
8.93
9.47
7.27
6.07
1.23
8.13
-0.06
0.88
7.41
7.99
4.39
6.11
2.52
6.19
3.63
9.12
6.88
9.95
1.73
4.25
2.07
7.39
8.41
8.13
4.69
5.5
7.6
7.18
8.81
8.17
3.34
4.83
7.18
1.75
13.23
3.53
-1.78
4.81
5.12
7.71
6.74
6.03
3.46
6.28
-0.02
1.12
0.94
7.97
10.27
5.62
5.19
2.13
2.79
1.81
6.18
2.61
2.38
9.46
8.43
7.61
9.3
6.09
4.66
2.86
4.6
9.27
5.53
1.5
4.31
-0.23
5.91
1.7
10.02
5.27
6.59
3.81
7.09
2.27
4.16
10.42
7.8
4.31
5.43
8.77
2.04
5.26
8.13
8.75
6.16
2.28
-1.53
2.01
1.26
7.76
5.68
6.1
6.47
4.54
4.52
5.79
-1.23
0.9
13.14
13.09
2.19
5.64
3.03
4.06
2.54
4.03
4.71
8.88
6.66
3.
9.19
3.65
1.83
10.21
4.98
6.73
6.1
7.4
11.13
3.27
8.15
7.48
1.
3.61
7.72
3.45
5.88
2.86
8.87
-0.09
9.44
5.8
7.94
4.89
-0.49
3.58
2.02
4.69
4.02
4.37
2.18
6.16
1.12
6.82
3.48
5.2
7.57
10.41
-0.69
5.99
9.43
6.52
4.29
6.2
3.63
11.47
5.94
5.7
7.7
7.39
4.39
3.91
4.33
7.14
4.03
6.58
4.52
5.97
1.61
7.96
2.1
8.35
4.94
0.88
7.35
2.62
3.71
5.63
7.79
6.66
0.79
9.39
7.69
5.68
5.77
1.93
6.39
6.26
2.62
8.53
1.4
6.36
3.48
4.34
3.49
5.22
9.3
4.67
6.98
1.52
-0.53
-1.07
4.7
4.66
2.75
13.01
8.72
4.93
13.62
7.6
8.46
-0.63
5.27
10.95
8.79
6.19
3.05
6.47
1.31
12.28
1.33
9.17
1.91
-0.48
3.78
-1.18
1.44
2.67
7.15
5.48
0.39
4.8
6.85
3.55
3.44
7.58
6.98
3.3
0.4
6.98
2.15
5.04
8.41
4.47
7.59
7.07
2.94
2.65
-1.94
7.01
6.8
13.05
3.2
3.18
5.64
7.38
8.66
3.68
2.51
3.32
6.51
3.96
4.78
4.43
7.25
7.59
5.52
6.39
5.13
3.06
5.87
7.75
11.14
6.87
4.93
1.32
5.5
2.89
8.02
2.57
6.21
6.32
8.87
1.87
9.6
5.21
4.86
3.85
2.28
5.58
-1.91
1.52
4.58
0.71
4.55
7.23
4.36
5.68
12.36
8.94
0.95
7.74
9.51
0.05
4.32
5.56
4.19
10.09
5.78
5.59
6.07
8.88
2.29
5.4
-0.36
6.85
7.34
6.7
2.43
6.94
4.9
4.83
10.46
2.95
2.76
4.34
6.23
1.91
11.38
2.77
0.97
3.47
5.5
9.02
7.48
2.09
4.08
3.1
10.24
5.63
5.76
0.84
1.95
4.65
6.63
2.85
7.77
11.02
3.7
4.15
3.22
5.15
3.73
2.79
7.58
3.39
9.27
5.82
6.41
6.8
3.48
1.84
11.84
1.15
2.42
5.45
5.8
0.17
5.28
0.22
3.61
1.25
5.83
7.75
6.26
4.47
3.98
1.26
3.58
5.5
4.46
3.94
7.6
7.79
8.12
4.34
7.71
6.23
4.74
5.17
5.01
6.89
2.28
1.46
0.71
8.72
3.38
9.2
4.74
9.57
-1.45
5.27
0.9
4.56
7.41
3.23
0.06
6.53
6.89
4.31
6.3
4.05
4.77
1.66
7.67
5.69
9.95
-0.95
4.23
4.31
0.44
13.17
2.92
4.77
4.36
5.98
0.92
2.43
0.76
8.45
6.19
2.16
4.46
0.8
3.29
11.05
3.15
5.03
11.89
2.08
3.22
3.23
4.1
3.58
3.18
7.85
3.54
8.47
-0.53
4.89
-3.21
7.79
10.49
3.87
3.76
8.7
6.55
7.37
5.24
9.89
7.65
2.66
2.26
4.75
1.79
5.62
7.63
4.58
6.5
4.52
8.
3.19
6.24
6.19
2.66
7.9
4.22
7.3
5.3
-0.72
6.37
3.87
4.97
7.37
5.01
6.78
-0.66
9.72
3.78
7.75
9.78
2.28
9.58
6.92
4.82
2.93
0.31
3.99
8.32
2.31
1.52
4.46
1.34
5.25
-1.36
3.84
3.41
0.72
5.23
7.38
3.46
4.93
7.49
3.39
3.36
3.82
7.3
8.39
4.51
0.42
7.96
2.21
4.61
3.63
6.83
5.24
3.67
2.31
-0.69
2.89
5.34
6.15
8.11
3.47
-0.4
6.18
1.86
5.18
7.45
8.81
1.85
-0.35
3.38
4.83
5.78
0.52
4.66
0.95
10.2
5.48
8.71
3.23
-2.01
5.6
9.46
11.86
6.79
3.07
9.53
7.95
11.19
7.41
7.44
-2.67
2.11
5.63
0.91
4.97
2.99
6.15
2.06
9.26
1.47
6.59
3.37
2.72
9.76
7.06
3.9
7.71
10.85
6.
1.93
6.63
12.62
4.47
-0.51
9.17
4.48
2.71
6.57
5.01
4.99
2.82
6.72
4.26
8.04
8.28
1.08
4.78
7.13
3.32
0.77
7.05
1.39
5.65
2.52
4.71
1.61
2.9
5.08
4.68
2.79
2.74
5.93
6.8
0.97
4.28
7.29
13.42
4.6
1.04
8.86
8.04
3.35
1.23
7.49
2.39
3.87
6.36
0.08
6.79
5.15
1.63
6.11
0.12
2.79
7.07
4.96
-0.7
3.16
0.92
7.64
3.13
2.12
11.06
-3.57
4.88
7.28
5.14
6.6
4.68
4.5
4.89
5.82
10.41
4.5
11.15
7.33
6.22
10.42
-0.78
9.08
8.46
6.47
2.26
2.34
3.5
7.48
2.09
6.87
8.74
9.63
4.72
5.57
3.05
8.27
7.98
3.14
5.9
3.17
1.56
1.88
3.25
4.71
2.35
6.69
7.45
9.55
8.85
4.11
7.65
4.87
-0.26
3.91
3.94
10.07
2.7
9.31
2.33
11.87
2.02
0.37
2.3
5.54
7.75
0.22
4.37
-1.9
7.02
2.58
2.2
2.2
1.71
7.9
7.91
8.24
5.67
0.14
3.53
10.28
0.8
1.68
4.53
6.64
3.71
7.26
1.07
6.4
3.91
2.46
4.76
1.16
7.31
6.62
5.61
12.85
5.51
5.65
3.37
4.19
4.13
9.29
1.09
4.04
1.62
-1.54
4.85
-2.02
3.22
4.48
8.64
8.12
0.99
10.09
9.16
0.28
3.38
10.2
4.5
-0.9
10.33
5.57
5.83
4.39
2.56
4.94
4.53
5.4
2.64
6.41
4.88
2.79
3.34
7.17
1.6
7.57
10.3
1.63
6.12
5.99
5.77
10.09
7.14
4.3
2.61
0.51
5.78
4.52
6.87
7.88
5.19
4.62
7.65
4.47
6.34
2.84
2.86
8.97
6.07
2.3
6.14
4.81
6.44
10.84
10.18
4.5
9.42
5.74
3.2
7.91
-0.06
2.47
4.4
0.69
2.9
-0.81
1.07
3.36
3.76
1.78
8.37
3.79
-4.09
6.01
6.14
2.13
7.22
8.45
-0.73
0.76
10.07
5.76
7.79
4.47
4.51
3.33
1.14
9.77
4.24
7.18
4.73
3.54
4.81
8.59
7.82
2.19
2.86
6.65
6.17
7.97
12.07
7.03
5.44
4.11
1.43
3.3
4.07
10.19
8.23
7.7
3.9
6.32
4.98
2.94
-0.36
6.15
7.48
2.76
3.04
1.6
0.23
4.6
5.44
6.3
8.28
5.16
0.58
12.01
2.05
1.2
6.48
5.57
2.27
8.78
5.73
4.46
4.94
7.71
5.41
7.99
3.12
-0.16
1.63
2.77
6.84
-0.18
6.36
5.53
4.54
5.85
4.95
5.19
3.87
3.97
8.27
9.26
7.41
-0.97
4.85
3.75
4.44
7.63
8.88
5.89
1.56
8.51
4.24
6.26
0.32
3.03
5.86
3.79
-0.92
4.45
2.53
0.12
10.17
4.87
0.04
7.49
5.61
1.54
7.13
4.89
1.5
7.37
7.31
1.89
8.93
4.66
4.39
8.49
4.73
4.5
2.84
5.14
5.48
5.03
0.89
4.7
3.94
1.62
5.7
0.99
4.69
8.63
8.98
3.33
6.92
2.65
1.56
2.46
8.14
5.13
7.73
6.22
4.88
6.59
7.34
-2.92
4.58
6.42
5.87
0.8
5.27
4.64
9.52
2.95
1.2
4.38
4.52
5.84
8.07
4.78
0.44
6.68
1.96
9.44
5.5
1.86
7.18
5.21
6.2
-0.5
3.8
5.88
4.68
2.48
2.79
4.5
6.38
5.54
4.37
5.86
7.34
3.29
4.63
5.41
11.4
8.05
3.93
3.35
4.13
6.58
4.59
5.35
6.4
3.21
2.26
7.9
1.72
5.29
6.03
3.24
4.82
7.65
7.98
7.86
7.61
7.27
2.85
4.69
5.84
0.26
10.44
6.05
5.72
9.54
5.34
5.72
7.62
7.54
0.86
3.85
4.83
5.44
3.16
13.59
7.1
7.37
5.49
5.68
6.66
7.67
-0.63
10.11
6.02
8.41
6.69
7.46
5.21
6.78
5.2
7.41
6.73
6.01
4.3
8.12
3.05
6.53
2.48
3.69
9.79
-0.05
10.76
1.56
6.81
4.78
6.32
6.08
-1.74
9.12
5.66
2.7
6.89
8.62
7.62
3.48
6.76
4.42
8.59
8.47
0.65
5.73
2.31
0.8
3.24
-1.22
4.06
6.53
2.45
0.74
1.82
-1.04
5.74
4.23
5.81
5.35
4.06
3.11
11.49
1.65
0.92
10.66
9.39
2.86
4.26
4.5
7.37
2.45
2.73
4.31
2.8
3.57
8.72
0.06
10.52
13.65
4.77
-3.29
2.02
6.11
7.18
-0.8
3.19
5.32
1.58
5.34
0.51
4.71
5.66
5.41
9.46
10.8
8.09
-3.48
3.09
-1.8
9.71
0.49
4.09
9.35
4.25
3.59
1.9
2.16
3.91
9.75
7.98
2.28
5.51
12.25
4.71
6.13
9.61
1.62
3.29
6.01
5.63
3.11
3.85
5.9
3.82
6.25
4.64
8.21
4.81
2.74
4.46
1.21
4.71
9.4
7.4
8.47
1.88
8.51
1.59
9.83
7.41
3.68
2.57
8.99
7.3
7.58
4.79
4.51
9.54
2.3
4.82
2.26
1.58
4.1
6.06
1.94
4.88
0.63
1.61
8.07
1.19
4.35
3.76
2.87
9.86
3.47
7.45
9.78
2.64
4.53
11.01
2.02
3.58
5.45
10.05
1.25
10.94
5.66
8.66
5.09
3.87
7.16
4.29
4.23
1.41
9.46
4.51
2.63
5.69
3.98
6.73
7.6
1.74
4.72
6.9
5.47
1.97
5.36
5.26
6.28
6.55
6.92
7.38
4.63
2.08
-0.84
1.08
-1.69
6.73
2.44
0.26
3.67
0.41
2.95
4.75
7.97
2.51
1.81
9.32
8.28
6.93
1.06
1.88
8.84
8.03
4.51
6.33
2.41
3.45
5.5
4.15
